000000000
001000000
010000000
011000000
100000000
101000000
110000000
111000000
001000000
001001000
010001000
011001000
100001000
101001000
110001000
111001000
010000000
010001000
010010000
011010000
100010000
101010000
110010000
111010000
011000000
011001000
011010000
011011000
100011000
101011000
110011000
111011000
100000000
100001000
100010000
100011000
100100000
101100000
110100000
111100000
101000000
101001000
101010000
101011000
101100000
101101000
110101000
111101000
110000000
110001000
110010000
110011000
110100000
110101000
110110000
111110000
111000000
111001000
111010000
111011000
111100000
111101000
111110000
111111000
001000000
001001000
010001000
011001000
100001000
101001000
110001000
111001000
001001000
001001001
010001001
011001001
100001001
101001001
110001001
111001001
010001000
010001001
010010001
011010001
100010001
101010001
110010001
111010001
011001000
011001001
011010001
011011001
100011001
101011001
110011001
111011001
100001000
100001001
100010001
100011001
100100001
101100001
110100001
111100001
101001000
101001001
101010001
101011001
101100001
101101001
110101001
111101001
110001000
110001001
110010001
110011001
110100001
110101001
110110001
111110001
111001000
111001001
111010001
111011001
111100001
111101001
111110001
111111001
010000000
010001000
010010000
011010000
100010000
101010000
110010000
111010000
010001000
010001001
010010001
011010001
100010001
101010001
110010001
111010001
010010000
010010001
010010010
011010010
100010010
101010010
110010010
111010010
011010000
011010001
011010010
011011010
100011010
101011010
110011010
111011010
100010000
100010001
100010010
100011010
100100010
101100010
110100010
111100010
101010000
101010001
101010010
101011010
101100010
101101010
110101010
111101010
110010000
110010001
110010010
110011010
110100010
110101010
110110010
111110010
111010000
111010001
111010010
111011010
111100010
111101010
111110010
111111010
011000000
011001000
011010000
011011000
100011000
101011000
110011000
111011000
011001000
011001001
011010001
011011001
100011001
101011001
110011001
111011001
011010000
011010001
011010010
011011010
100011010
101011010
110011010
111011010
011011000
011011001
011011010
011011011
100011011
101011011
110011011
111011011
100011000
100011001
100011010
100011011
100100011
101100011
110100011
111100011
101011000
101011001
101011010
101011011
101100011
101101011
110101011
111101011
110011000
110011001
110011010
110011011
110100011
110101011
110110011
111110011
111011000
111011001
111011010
111011011
111100011
111101011
111110011
111111011
100000000
100001000
100010000
100011000
100100000
101100000
110100000
111100000
100001000
100001001
100010001
100011001
100100001
101100001
110100001
111100001
100010000
100010001
100010010
100011010
100100010
101100010
110100010
111100010
100011000
100011001
100011010
100011011
100100011
101100011
110100011
111100011
100100000
100100001
100100010
100100011
100100100
101100100
110100100
111100100
101100000
101100001
101100010
101100011
101100100
101101100
110101100
111101100
110100000
110100001
110100010
110100011
110100100
110101100
110110100
111110100
111100000
111100001
111100010
111100011
111100100
111101100
111110100
111111100
101000000
101001000
101010000
101011000
101100000
101101000
110101000
111101000
101001000
101001001
101010001
101011001
101100001
101101001
110101001
111101001
101010000
101010001
101010010
101011010
101100010
101101010
110101010
111101010
101011000
101011001
101011010
101011011
101100011
101101011
110101011
111101011
101100000
101100001
101100010
101100011
101100100
101101100
110101100
111101100
101101000
101101001
101101010
101101011
101101100
101101101
110101101
111101101
110101000
110101001
110101010
110101011
110101100
110101101
110110101
111110101
111101000
111101001
111101010
111101011
111101100
111101101
111110101
111111101
110000000
110001000
110010000
110011000
110100000
110101000
110110000
111110000
110001000
110001001
110010001
110011001
110100001
110101001
110110001
111110001
110010000
110010001
110010010
110011010
110100010
110101010
110110010
111110010
110011000
110011001
110011010
110011011
110100011
110101011
110110011
111110011
110100000
110100001
110100010
110100011
110100100
110101100
110110100
111110100
110101000
110101001
110101010
110101011
110101100
110101101
110110101
111110101
110110000
110110001
110110010
110110011
110110100
110110101
110110110
111110110
111110000
111110001
111110010
111110011
111110100
111110101
111110110
111111110
111000000
111001000
111010000
111011000
111100000
111101000
111110000
111111000
111001000
111001001
111010001
111011001
111100001
111101001
111110001
111111001
111010000
111010001
111010010
111011010
111100010
111101010
111110010
111111010
111011000
111011001
111011010
111011011
111100011
111101011
111110011
111111011
111100000
111100001
111100010
111100011
111100100
111101100
111110100
111111100
111101000
111101001
111101010
111101011
111101100
111101101
111110101
111111101
111110000
111110001
111110010
111110011
111110100
111110101
111110110
111111110
111111000
111111001
111111010
111111011
111111100
111111101
111111110
111111111
